633000602847
559580563041
505821194021
552680979371
632924061681
552639871155
552676188047
506229293027
632984481404
546532701834
632923858901
632984471816
559296028603
526454119423
559209819970
632481275356
632952661833
505828680940
559246876710
626548205797
559407878143
626559411153
506289050996
632715431656
559329104948
632570634117
632923771117
559572036348
633000904021
632565919736
627879295269
559246973241
626558884940
552639843665
632742561435
632923755538
627879375129
552671733904
552640106937
559246557580
627880396390
632742718990
632923821078
627879118825
633000892305
559246807293
552674831073
632985657290
632565843658
559525062896
559246869028
546605988088
632481407038
632999477390
525868608471
552678646055
505971289250
559407847986
552674808077
546612420933
626562910128
552639871731
626564568644
632923652702
552667433081
506139957718
626552815200
552667483762
526425044302
627878847475